
grid parameters: 

         I           yp             yn              rn              rs                rc               dn              ds             area n            volume  
         1   -0.2756715E-06    0.0000000E+00    0.0000000E+00    0.2500000E-01    0.2500028E-01    0.2756715E-06    0.2756715E-06    0.0000000E+00   -0.5454155E-05
         2    0.2747418E-06    0.5494836E-06    0.2500000E-01    0.2499945E-01    0.2499972E-01    0.2756715E-06    0.2738088E-06    0.4363324E-03    0.2397534E-09
         3    0.8791736E-06    0.1208864E-05    0.2499945E-01    0.2499879E-01    0.2499912E-01    0.3296882E-06    0.3296882E-06    0.4363228E-03    0.2876971E-09
         4    0.1604492E-05    0.2000120E-05    0.2499879E-01    0.2499800E-01    0.2499840E-01    0.3948808E-06    0.3967434E-06    0.4363113E-03    0.3453891E-09
         5    0.2474874E-05    0.2949628E-05    0.2499800E-01    0.2499705E-01    0.2499752E-01    0.4749745E-06    0.4749745E-06    0.4362974E-03    0.4144525E-09
         6    0.3519332E-05    0.4089037E-05    0.2499705E-01    0.2499591E-01    0.2499648E-01    0.5681068E-06    0.5699694E-06    0.4362809E-03    0.4965096E-09
         7    0.4772683E-05    0.5456328E-05    0.2499591E-01    0.2499454E-01    0.2499523E-01    0.6835908E-06    0.6835908E-06    0.4362610E-03    0.5964317E-09
         8    0.6276703E-05    0.7097078E-05    0.2499454E-01    0.2499290E-01    0.2499372E-01    0.8214265E-06    0.8195639E-06    0.4362371E-03    0.7158374E-09
         9    0.8081528E-05    0.9065978E-05    0.2499290E-01    0.2499093E-01    0.2499192E-01    0.9853393E-06    0.9834766E-06    0.4362085E-03    0.8587804E-09
        10    0.1024732E-04    0.1142866E-04    0.2499093E-01    0.2498857E-01    0.2498975E-01    0.1180917E-05    0.1182780E-05    0.4361741E-03    0.1030935E-08
        11    0.1284627E-04    0.1426387E-04    0.2498857E-01    0.2498574E-01    0.2498715E-01    0.1417473E-05    0.1417473E-05    0.4361329E-03    0.1236343E-08
        12    0.1596500E-04    0.1766613E-04    0.2498574E-01    0.2498234E-01    0.2498404E-01    0.1700595E-05    0.1700595E-05    0.4360834E-03    0.1483102E-08
        13    0.1970748E-04    0.2174884E-04    0.2498234E-01    0.2497825E-01    0.2498029E-01    0.2041459E-05    0.2041459E-05    0.4360240E-03    0.1780105E-08
        14    0.2419847E-04    0.2664809E-04    0.2497825E-01    0.2497335E-01    0.2497580E-01    0.2449378E-05    0.2451241E-05    0.4359528E-03    0.2136229E-08
        15    0.2958765E-04    0.3252720E-04    0.2497335E-01    0.2496747E-01    0.2497041E-01    0.2939254E-05    0.2939254E-05    0.4358673E-03    0.2561948E-08
        16    0.3605466E-04    0.3958212E-04    0.2496747E-01    0.2496042E-01    0.2496395E-01    0.3527850E-05    0.3525987E-05    0.4357646E-03    0.3073379E-08
        17    0.4381507E-04    0.4804803E-04    0.2496042E-01    0.2495195E-01    0.2495619E-01    0.4233792E-05    0.4233792E-05    0.4356415E-03    0.3688206E-08
        18    0.5312758E-04    0.5820713E-04    0.2495195E-01    0.2494179E-01    0.2494687E-01    0.5079433E-05    0.5079433E-05    0.4354937E-03    0.4423222E-08
        19    0.6430258E-04    0.7039803E-04    0.2494179E-01    0.2492960E-01    0.2493570E-01    0.6094575E-05    0.6096438E-05    0.4353164E-03    0.5305651E-08
        20    0.7771258E-04    0.8502713E-04    0.2492960E-01    0.2491497E-01    0.2492229E-01    0.7314608E-05    0.7314608E-05    0.4351037E-03    0.6363357E-08
        21    0.9380459E-04    0.1025820E-03    0.2491497E-01    0.2489742E-01    0.2490620E-01    0.8776784E-05    0.8776784E-05    0.4348483E-03    0.7630451E-08
        22    0.1131150E-03    0.1236479E-03    0.2489742E-01    0.2487635E-01    0.2488689E-01    0.1053326E-04    0.1053326E-04    0.4345420E-03    0.9150413E-08
        23    0.1362875E-03    0.1489270E-03    0.2487635E-01    0.2485107E-01    0.2486371E-01    0.1263991E-04    0.1263991E-04    0.4341743E-03    0.1097027E-07
        24    0.1640945E-03    0.1792619E-03    0.2485107E-01    0.2482074E-01    0.2483591E-01    0.1516752E-04    0.1516752E-04    0.4337331E-03    0.1314928E-07
        25    0.1974629E-03    0.2156638E-03    0.2482074E-01    0.2478434E-01    0.2480254E-01    0.1819991E-04    0.1820177E-04    0.4332036E-03    0.1575777E-07
        26    0.2375049E-03    0.2593460E-03    0.2478434E-01    0.2474065E-01    0.2476250E-01    0.2183951E-04    0.2184138E-04    0.4325683E-03    0.1887832E-07
        27    0.2855554E-03    0.3117647E-03    0.2474065E-01    0.2468824E-01    0.2471445E-01    0.2620928E-04    0.2620928E-04    0.4318059E-03    0.2261067E-07
        28    0.3432159E-03    0.3746672E-03    0.2468824E-01    0.2462533E-01    0.2465678E-01    0.3145263E-04    0.3145076E-04    0.4308911E-03    0.2706998E-07
        29    0.4124087E-03    0.4501501E-03    0.2462533E-01    0.2454985E-01    0.2458759E-01    0.3774092E-04    0.3774278E-04    0.4297932E-03    0.3239266E-07
        30    0.4954399E-03    0.5407297E-03    0.2454985E-01    0.2445927E-01    0.2450456E-01    0.4528835E-04    0.4529022E-04    0.4284757E-03    0.3873912E-07
        31    0.5950774E-03    0.6494251E-03    0.2445927E-01    0.2435058E-01    0.2440492E-01    0.5434826E-04    0.5434640E-04    0.4268948E-03    0.4629809E-07
        32    0.7146423E-03    0.7798596E-03    0.2435058E-01    0.2422014E-01    0.2428536E-01    0.6521866E-04    0.6521679E-04    0.4249978E-03    0.5528631E-07
        33    0.8581203E-03    0.9363811E-03    0.2422014E-01    0.2406362E-01    0.2414188E-01    0.7826090E-04    0.7826090E-04    0.4227212E-03    0.6595129E-07
        34    0.1030294E-02    0.1124207E-02    0.2406362E-01    0.2387579E-01    0.2396971E-01    0.9391271E-04    0.9391271E-04    0.4199894E-03    0.7857683E-07
        35    0.1236902E-02    0.1349598E-02    0.2387579E-01    0.2365040E-01    0.2376310E-01    0.1126956E-03    0.1126956E-03    0.4167112E-03    0.9347974E-07
        36    0.1484832E-02    0.1620067E-02    0.2365040E-01    0.2337993E-01    0.2351517E-01    0.1352336E-03    0.1352355E-03    0.4127774E-03    0.1110052E-06
        37    0.1782348E-02    0.1944630E-02    0.2337993E-01    0.2305537E-01    0.2321765E-01    0.1622811E-03    0.1622811E-03    0.4080569E-03    0.1315206E-06
        38    0.2139367E-02    0.2334105E-02    0.2305537E-01    0.2266590E-01    0.2286063E-01    0.1947377E-03    0.1947377E-03    0.4023922E-03    0.1553981E-06
        39    0.2567790E-02    0.2801476E-02    0.2266590E-01    0.2219852E-01    0.2243221E-01    0.2336856E-03    0.2336856E-03    0.3955945E-03    0.1829833E-06
        40    0.3081898E-02    0.3362321E-02    0.2219852E-01    0.2163768E-01    0.2191810E-01    0.2804212E-03    0.2804231E-03    0.3874374E-03    0.2145471E-06
        41    0.3698828E-02    0.4035335E-02    0.2163768E-01    0.2096467E-01    0.2130117E-01    0.3365073E-03    0.3365073E-03    0.3776488E-03    0.2502105E-06
        42    0.4439143E-02    0.4842951E-02    0.2096467E-01    0.2015705E-01    0.2056086E-01    0.4038084E-03    0.4038066E-03    0.3659025E-03    0.2898164E-06
        43    0.5327521E-02    0.5812091E-02    0.2015705E-01    0.1918791E-01    0.1967248E-01    0.4845709E-03    0.4845709E-03    0.3518069E-03    0.3327544E-06
        44    0.6393575E-02    0.6975059E-02    0.1918791E-01    0.1802494E-01    0.1860642E-01    0.5814843E-03    0.5814824E-03    0.3348922E-03    0.3776658E-06
        45    0.7672840E-02    0.8370620E-02    0.1802494E-01    0.1662938E-01    0.1732716E-01    0.6977823E-03    0.6977804E-03    0.3145946E-03    0.4220405E-06
        46    0.9207957E-02    0.1004529E-01    0.1662938E-01    0.1495471E-01    0.1579204E-01    0.8373372E-03    0.8373363E-03    0.2902375E-03    0.4615788E-06
        47    0.1105010E-01    0.1205490E-01    0.1495471E-01    0.1294510E-01    0.1394990E-01    0.1004804E-02    0.1004804E-02    0.2610089E-03    0.4892827E-06
        48    0.1326067E-01    0.1446643E-01    0.1294510E-01    0.1053357E-01    0.1173933E-01    0.1205766E-02    0.1205767E-02    0.2259346E-03    0.4940989E-06
        49    0.1591335E-01    0.1736027E-01    0.1053357E-01    0.7639728E-02    0.9086648E-02    0.1446918E-02    0.1446920E-02    0.1838454E-03    0.4589392E-06
        50    0.1909657E-01    0.2083288E-01    0.7639728E-02    0.4167125E-02    0.5903427E-02    0.1736302E-02    0.1736302E-02    0.1333384E-03    0.3577971E-06
        51    0.2291644E-01    0.2500000E-01    0.4167125E-02    0.0000000E+00    0.2083562E-02    0.2083562E-02    0.2083562E-02    0.7273005E-04    0.1515376E-06
        52    0.2500000E-01    0.0000000E+00    0.0000000E+00    0.0000000E+00   -0.2083562E-02    0.2083562E-02    0.0000000E+00    0.4038977E-27    0.0000000E+00
